10
6 5 2000
9 5 1000
8 4 2000
8 2 1000
5 3 2000
2 1 1000
6 2 2000
1 4 1000
7 1 2000
1 2 1000
500
10266 38108 2540
21124 46983 4976
20377 41670 989
10041 35688 1638
45728 59879 2171
12906 39000 4770
25026 54737 4177
32301 54770 368
51213 57665 1067
9191 54584 1571
36726 55745 3617
45731 59025 383
25809 54923 5367
28884 59985 3346
27327 43915 840
49337 51348 60
36965 49159 577
20076 51074 5696
14816 56455 4150
2206 56447 3689
15429 39361 2904
41941 57805 1842
2441 33799 3599
7533 25426 2876
29084 54506 132
20125 43426 2509
33114 47105 1578
19314 51866 5776
7206 12714 673
33129 58843 4985
28432 54796 3157
8768 48797 4323
6131 57019 121
32399 49336 1317
27506 43645 935
10509 50229 4615
19061 52752 5618
1207 57968 5917
26813 53209 4138
24576 48737 4610
21363 56706 1103
18646 55925 5756
40994 59288 3551
8258 51620 5460
16036 43375 5380
32925 51144 1585
43956 56946 2586
14739 53523 5565
25150 56786 223
22207 40508 3052
45067 58290 2451
24597 45081 963
83 48298 1650
3813 28133 2019
35762 55910 3892
38560 55899 2913
14042 45284 5240
27629 56315 2721
42614 57746 2973
2738 48416 1180
13523 47826 4231
34300 49152 2143
8024 37139 5347
4137 22088 1783
16144 23569 485
21955 51680 1610
16565 47488 4706
26439 42793 2569
19282 57098 5437
15713 48989 3212
25610 59702 4354
1268 50742 5828
29468 39909 342
13040 43893 2825
13729 55954 4651
42413 58620 2033
8086 58775 5033
15613 44450 5632
17563 56927 4019
402 20373 500
28392 58002 5895
28336 50362 2264
31880 52071 3762
21973 59437 4215
7934 34834 4414
37643 55025 2081
42044 46893 771
50756 58993 1227
33002 58355 4017
35256 59368 2159
19659 56564 5110
38670 56226 1408
4899 17771 2351
2410 59897 5801
2218 30345 3511
8313 47689 5507
37327 59757 4435
5675 43579 5229
56249 59057 285
36120 56064 3696
11080 49041 880
8172 36762 5202
8216 54158 3723
33442 53612 2092
8568 20768 2397
20141 38340 2757
25038 54941 4356
57 38792 4438
16274 43426 4097
2625 33982 594
33890 58988 412
4848 40287 2272
9363 20664 45
25501 50588 2466
27769 48836 1601
31670 56133 4366
21894 41110 2605
55411 58256 433
3076 52798 5918
52800 57659 345
37167 59058 4238
20037 36453 841
6932 11839 944
22997 56685 5652
13308 48011 2540
20345 44342 68
18275 59968 4753
17075 33476 2639
24036 55613 5896
15297 45064 3795
70 27870 4087
29771 57718 2226
17926 48174 1421
37055 59941 4545
18802 55338 5378
31752 52213 3489
16423 49843 5968
10022 43866 5899
12570 40913 4740
11285 51904 5915
1408 44194 1040
23207 43700 1669
21764 43132 3844
13469 38937 1660
3851 31651 2836
21134 57182 3861
13807 46710 3007
38539 59467 3516
8061 41937 3615
25183 28255 513
28195 57489 5222
8177 56350 5132
36529 57968 1780
3529 54461 4772
20541 44883 3507
9277 19536 1388
33115 50287 3313
4635 13603 1737
37629 59182 3828
27338 58836 5917
15223 42707 1585
11809 41510 5405
8388 35800 352
22715 55338 2902
34430 58662 4528
51013 57699 1182
53108 59730 1213
2508 28793 801
18485 46800 881
8330 57658 2024
40055 51375 1261
6423 32398 4065
8548 55340 5695
44161 57516 1668
8144 52799 4916
31128 53060 3222
27915 53078 544
11078 34118 3052
39900 49781 1716
22434 31581 133
31227 55170 4525
295 32153 4566
20650 36607 2514
37575 57672 3263
2745 32461 5621
38438 51091 612
1688 45583 5928
24235 58427 1634
14625 52092 4836
4693 49393 3958
855 52099 1981
14075 42896 3354
7618 38757 1455
9192 15832 418
17770 51585 4153
13279 27942 1457
11393 41940 363
30176 49273 829
23223 39165 275
22935 52620 1912
5100 27450 2144
8267 37047 5328
23066 56007 5203
36756 54369 2707
35755 58955 4626
20004 54128 5098
38326 55405 1176
43929 54112 680
1425 33756 5823
23563 58105 3411
1155 46435 940
3500 43174 168
25044 53378 5133
17460 59462 12
295 56006 1953
27308 57762 4375
6613 34430 3640
48424 54460 924
30826 57977 3509
31399 57138 5125
20233 55879 3467
18869 43318 4575
15467 37701 1988
5233 48779 1706
23137 59032 2219
26896 56185 5853
34453 56018 766
14290 43568 5702
25515 49266 2285
8105 40475 4410
12583 46603 5075
40406 57453 1291
6969 15628 909
20379 55721 623
26815 58527 3988
24496 55404 4450
3866 36611 5601
10668 32810 3986
28459 48836 865
12671 27122 2175
21373 52819 3751
9115 41480 2454
18589 48018 5728
49314 59631 2019
16305 46438 2786
27417 55952 49
17376 31185 1988
11115 24117 2079
37692 53733 2684
33126 54308 4120
4893 49692 3963
45816 59937 2812
2762 55436 691
18438 54107 4928
2780 50618 3897
1557 40068 4334
13595 33851 2663
35602 40009 813
4129 57943 4083
8481 42182 1235
30889 48673 2118
14305 48883 4567
9891 40445 585
15927 44382 4939
43664 58795 2749
24502 56150 4307
48193 59988 1350
12246 40255 4959
14306 40501 4433
36480 53003 1410
15925 41843 2076
32754 59404 5288
32465 58113 4829
45983 57204 1951
22758 52704 5693
29469 53736 227
26678 55248 5327
797 28116 5261
31868 43319 354
46577 59289 2444
7156 55473 3694
27756 59081 5958
6344 57275 4940
13394 57594 4293
19693 36550 1413
41899 55017 2358
21493 46982 2639
7509 31738 678
13752 47163 5913
17594 49643 5016
19519 33760 2567
22632 40412 2752
17699 42378 870
53686 55832 20
20553 59908 3942
23168 51365 1599
15166 58206 5775
49810 54014 470
29538 59589 4128
19830 50766 2864
31214 57658 5018
7342 49949 4870
24382 54893 5343
23090 49989 3946
50546 56323 632
24614 50000 2337
18071 34794 1758
43500 54133 1487
29029 47438 3197
23000 53051 5868
18978 43260 403
14081 32733 3705
30047 57716 5401
5714 27120 4165
24125 58687 5789
31079 59964 5046
31676 52458 1349
11975 33120 3887
6092 50252 2875
14931 35271 2541
4925 19427 1590
13714 31801 1944
27822 59639 5907
13779 58280 5761
16170 32772 2557
12762 35461 3827
5603 59088 4701
6520 47820 4889
22581 48230 3810
37565 58390 3770
8320 59255 5603
8850 58398 1209
16368 41698 1216
8217 42543 5399
13656 54626 5029
35010 58321 3401
8155 26482 961
20628 59654 3527
5695 24125 2031
42050 53752 1015
1074 56271 5386
35425 54274 3748
2351 57209 5499
28049 54069 3452
2297 45227 5709
16957 51519 4250
7826 48029 5022
14695 51673 4759
8961 29468 3928
43285 55758 1735
13909 36560 3613
12363 27422 2615
25952 45996 3578
12601 17966 829
25864 58787 3591
31184 58280 5045
8604 32145 4273
4338 48465 3772
43513 59639 3163
40548 54954 436
24606 59026 5158
36562 54360 1760
47317 55731 637
12638 36587 4426
567 11011 566
19539 55760 4170
51877 57067 460
21782 59867 4841
23049 32353 1128
11569 35142 937
35931 59778 2542
17478 34175 2004
26908 54740 5285
21547 35748 1137
14335 56395 2511
16953 33500 1952
47433 59606 2282
3668 48182 2346
3280 53073 4936
28287 54119 4553
18764 40667 2905
20088 33749 50
1085 9628 1414
14048 52164 4039
25771 40891 1975
12461 43646 1218
7131 42134 4883
37936 41791 716
17612 51782 4553
28776 50329 3357
12129 34353 3958
37859 59838 4371
11070 22294 1782
4759 52346 1523
1407 40602 5730
24970 45822 2600
9198 26795 2153
18781 38644 3888
22940 33925 406
52402 59109 523
3273 32763 5381
6569 17630 1761
55052 59964 381
4320 45819 957
21028 57959 3632
32767 49866 2649
24417 54262 4336
27683 45367 2768
52484 59969 1269
28176 54977 3311
14655 51643 5194
11236 47240 5611
2793 20752 2575
23600 47401 3015
24385 31841 1051
25980 57167 3523
33012 53136 3063
2279 36817 5776
44114 55217 1559
28469 44179 899
14427 55447 3358
10914 42904 3158
48214 55593 1267
316 39844 4219
8862 48210 3273
24787 51782 3362
33007 36503 204
19437 41548 3682
19776 45934 4045
22498 56758 5568
14745 38481 2495
45405 58017 2391
756 41312 2549
7865 46428 3944
17651 18668 62
30106 58461 5652
44705 59583 2715
22099 38630 1220
3425 43609 3521
6985 47160 233
49054 59771 1782
13539 47733 3562
29684 45740 2157
608 29124 5410
26397 56911 4377
35579 59929 4861
25639 58272 5750
32531 51234 41
9998 48272 4159
15713 35402 2650
31122 56632 3872
27116 59602 3133
24189 57180 5910
53206 59172 1137
2345 38563 5350
22822 50257 1010
18373 40035 123
32879 57415 3930
41034 54690 1415
7101 56031 5273
8765 45106 1107
28924 55783 1747
20132 52031 5538
12926 49290 3065
2024 29869 619
12139 33763 1659
12130 36500 4023
15693 50747 4902
29218 47418 985
44645 54249 943
47535 58287 1884
8882 35946 2305
40807 59040 3115
3716 51726 5159
22341 52828 5880
1833 52403 5738
31340 59297 4872
1448 56883 3895
34370 59004 593
51663 58441 1205
12752 39505 5284
4838 44363 4375
15439 58665 2260
25563 51655 473
29015 58717 4713
35205 48510 1276
30149 55312 1761
30339 56513 1622
7539 35825 3270
28392 55379 4300
15561 51941 3740
33911 48781 2200
44556 54918 2058
10555 56146 3581
5573 57423 5521
21565 33928 1108
43972 47742 306
11722 42340 5964
22693 58807 4570
1494 44036 3324
16 20 15 15 14 12 19 19 20 14 18 17 14 11 19 12 14 16 10 17 17 19 11 17 10 12 20 14 10 16 12 16 12 20 20 15 18 13 10 13 16 18 11 19 10 18 12 12 18 17 18 12 10 10 18 13 12 15 16 10 17 18 17 13 11 14 19 19 14 16 10 15 16 15 12 16 10 14 11 13 15 19 17 13 13 15 16 11 14 13 13 14 15 17 19 17 16 14 18 10 14 12 15 19 17 15 16 10 17 12 11 16 13 11 18 14 14 14 16 16 10 11 14 10 11 13 16 17 15 14 14 17 13 19 15 20 12 12 16 10 13 14 20 18 13 13 16 20 16 13 20 17 11 11 16 10 15 13 19 14 17 20 11 15 13 10 17 10 19 19 14 10 18 16 18 18 20 10 15 18 18 10 12 18 17 11 20 16 14 16 13 16 18 18 13 13 14 12 12 20 18 11 14 20 13 17 18 18 19 19 18 11 11 10 11 18 18 18 12 18 11 12 20 16 20 13 11 20 17 20 11 19 14 18 13 12 15 16 11 18 15 10 19 14 20 14 16 19 17 19 19 10 10 19 19 13 19 11 16 16 13 14 14 13 10 14 14 18 20 17 16 17 18 10 20 19 11 20 20 12 12 20 19 13 16 16 17 12 11 17 10 20 14 17 16 13 16 13 17 16 13 15 10 18 13 13 17 16 18 11 12 14 17 16 13 17 17 20 15 16 11 13 11 20 14 15 20 18 15 18 10 14 10 12 12 11 11 14 11 19 19 11 19 18 20 18 15 20 14 13 19 12 13 17 18 16 19 16 14 13 18 13 20 13 11 12 12 18 11 15 13 17 15 13 13 13 20 14 16 10 18 15 19 18 18 14 19 13 11 11 16 20 10 12 13 14 16 12 17 18 18 13 14 12 20 19 12 16 17 16 19 20 15 10 11 15 16 18 17 20 16 10 17 12 20 18 12 14 14 15 10 10 11 18 17 11 16 19 15 14 12 13 17 19 15 14 12 14 15 17 17 12 18 20 20 11 12 16 17 19 10 19 10 20 10 19 11 13 11 20 19 16 13 14 11 14 14 14 20 13 15 13 20 19 20 12 10 11 14 11 20 13 12 19 17 12 11 20 19 14
14 10 19 12 11 13 10 17 13 11 19 15 17 14 14 19 15 14 14 16 18 13 11 10 14 11 11 12 11 16 18 16 15 12 17 14 19 20 12 15 12 17 14 16 10 18 10 19 13 16 13 18 15 15 16 16 18 15 18 18 15 14 16 15 14 16 12 20 12 14 13 10 20 15 16 16 10 11 17 14 19 13 17 12 10 17 17 13 15 10 12 10 15 12 10 18 19 13 20 11 16 20 13 10 12 15 19 10 10 17 17 14 12 11 11 13 12 11 13 20 17 12 15 17 12 19 18 11 11 16 13 18 11 16 15 11 15 19 15 14 17 13 20 15 10 20 14 20 19 15 11 16 17 15 17 13 19 12 18 13 13 15 20 15 10 18 20 14 15 11 11 20 10 20 10 13 11 16 13 13 16 20 20 15 14 11 13 20 15 12 17 15 18 12 13 18 18 18 16 12 15 13 20 20 16 13 14 15 11 10 16 19 17 18 16 10 15 18 18 10 12 13 17 10 10 12 12 11 19 20 11 11 14 13 12 15 15 20 17 18 19 16 20 18 19 10 16 10 12 10 13 11 13 11 13 16 10 20 18 17 10 19 13 15 12 11 12 12 16 17 12 11 12 14 14 19 15 11 11 12 16 20 16 18 18 13 10 15 19 14 10 14 12 17 11 13 20 10 15 12 10 18 18 13 20 11 10 13 20 18 20 14 13 14 19 14 20 20 16 17 16 15 12 10 12 13 10 20 16 20 17 14 10 17 17 15 14 16 20 15 12 11 17 17 20 15 15 19 14 11 11 11 17 11 20 19 15 14 19 11 10 20 11 13 14 19 12 14 19 16 10 20 18 14 18 10 12 11 10 20 15 18 15 16 16 19 19 16 20 15 17 13 11 17 19 15 11 19 10 13 12 13 12 12 20 20 11 18 14 20 14 19 10 14 15 12 12 17 16 18 18 19 13 15 19 14 17 17 15 12 11 18 18 16 16 16 14 14 12 11 20 13 12 15 15 10 19 18 11 16 18 12 19 16 18 14 11 15 19 13 11 10 15 14 11 10 12 10 18 17 10 11 17 13 19 17 15 17 13 15 11 18 15 17 19 12 10 11 14 18 11 20 17 19 18 15 14 20 12 12
13 13 13 20 16 11 13 18 14 10 17 12 18 13 15 12 14 17 20 11 12 18 13 19 16 12 14 15 10 16 11 11 17 19 16 13 15 19 20 11 17 20 14 17 18 18 20 13 12 14 16 14 16 13 12 15 20 19 15 11 16 19 16 17 19 20 20 14 10 14 16 16 12 17 14 20 16 10 13 20 12 14 11 12 10 17 19 10 10 12 14 12 12 19 15 17 14 11 10 18 12 12 17 19 18 19 20 11 12 14 19 18 17 16 18 17 18 12 11 16 18 17 15 16 15 14 12 10 10 10 19 15 18 17 20 20 18 15 17 19 15 18 14 20 20 17 12 16 15 12 20 11 15 13 10 19 10 20 14 20 10 17 18 11 12 20 10 18 12 11 10 14 13 19 17 12 16 14 18 17 11 14 16 17 15 16 19 17 13 11 10 16 18 17 11 17 18 17 16 11 20 17 10 10 20 19 20 15 12 10 13 12 20 13 19 12 15 16 17 14 19 13 13 19 18 12 14 16 16 18 10 11 15 19 15 11 12 17 11 20 14 19 12 15 12 10 19 10 15 13 11 17 17 16 15 18 19 19 13 12 14 11 18 11 14 20 17 14 14 12 11 17 14 18 20 20 11 10 18 11 20 18 11 16 11 17 13 15 10 16 20 11 12 14 11 12 11 13 11 13 14 14 15 17 15 12 13 13 11 16 11 16 14 20 18 19 10 12 13 15 12 17 16 19 19 12 20 19 13 19 12 10 17 12 17 17 13 17 14 19 12 14 18 11 14 13 10 11 12 18 13 15 15 15 14 15 11 20 20 13 20 10 14 11 11 17 14 18 19 15 15 17 18 15 18 12 18 10 14 20 15 14 18 20 16 15 12 11 15 15 12 19 15 18 16 18 17 13 16 16 17 13 16 16 20 20 12 13 15 19 11 12 20 12 14 16 16 18 16 20 18 12 19 18 12 13 14 17 11 11 12 19 20 10 15 11 11 11 19 10 14 20 17 17 18 14 15 20 10 16 10 18 11 17 13 11 19 18 13 17 15 15 11 19 13 17 10 20 12 12 18 12 12 15 17 11 20 19 18 11 16 20 15 11 19 17 15 18 14 17 13 20 10 17 13 17 12 16 10 13
17 17 16 10 15 20 12 15 14 13 17 20 10 14 13 12 20 13 15 20 12 13 20 12 20 17 18 12 19 16 14 17 14 20 18 11 18 19 15 15 14 15 16 17 13 10 10 14 13 19 20 11 11 14 14 20 14 18 12 14 15 16 12 11 13 15 17 20 15 13 18 18 14 19 18 13 14 11 19 17 12 10 19 20 12 13 20 10 20 19 19 17 12 13 10 16 19 15 13 10 14 15 12 19 12 11 17 14 11 19 13 18 15 11 16 13 13 16 18 17 13 14 12 15 17 11 12 15 12 18 14 17 19 13 15 10 14 17 16 10 13 11 19 17 12 11 15 18 12 15 15 11 19 20 12 16 14 18 12 17 18 11 16 12 20 18 17 17 18 20 18 20 11 12 15 17 20 19 19 16 15 11 15 18 10 12 19 13 16 18 11 13 13 17 10 14 19 14 15 15 12 11 17 16 15 14 16 19 20 11 11 13 10 11 19 18 10 18 14 19 10 18 20 14 12 10 10 17 13 15 13 16 14 16 17 13 19 14 14 14 15 19 16 12 16 15 12 11 16 18 10 12 17 14 19 15 15 14 17 17 14 20 15 14 17 19 10 15 15 12 15 17 15 16 10 17 13 19 20 14 15 19 11 13 16 18 17 12 20 20 20 17 12 12 16 10 14 14 16 17 10 10 12 19 19 11 10 17 12 18 17 17 19 10 17 12 17 19 10 15 10 11 16 12 14 18 13 18 18 12 13 20 20 14 18 19 10 12 13 20 11 17 16 15 15 12 18 11 18 15 14 10 19 19 19 20 18 12 18 11 19 20 20 18 13 13 14 10 13 14 12 12 20 12 16 10 11 14 19 10 17 15 18 10 12 11 11 13 20 13 14 20 10 13 17 12 15 15 19 13 11 11 10 12 18 20 19 18 19 20 17 15 19 18 14 15 10 18 18 10 10 19 19 14 15 10 19 10 15 14 14 11 12 20 17 13 18 13 12 16 11 16 12 19 18 14 11 14 16 16 20 19 15 12 14 14 15 16 17 19 15 20 20 13 20 17 16 18 12 15 13 15 14 14 19 14 20 10 18 14 18 14 13 16 16 11 14 14 10 12 18 19 14 10 11 15 15 14 11 13
15 11 14 18 10 20 10 18 10 20 18 16 20 10 14 16 13 19 14 16 12 14 17 16 17 16 13 16 11 17 12 10 13 12 15 19 17 14 13 13 13 11 16 20 10 14 17 15 20 10 10 18 13 18 16 12 10 11 15 14 19 18 14 10 15 18 14 18 13 12 15 20 14 14 16 18 18 16 19 19 17 11 11 18 18 15 12 20 12 10 17 14 13 15 10 11 16 13 20 15 12 16 16 19 17 11 12 11 14 16 19 17 16 15 13 16 14 14 13 12 19 12 20 12 10 14 20 12 10 11 12 14 12 19 14 17 15 11 20 14 17 15 16 18 14 17 11 20 13 10 10 12 10 20 18 16 15 16 10 20 15 20 20 17 11 16 20 20 12 11 20 15 12 10 17 13 19 16 10 13 14 18 13 16 19 19 13 10 15 15 11 20 16 10 18 13 12 11 10 17 17 15 12 10 11 15 14 17 11 14 12 18 20 17 20 10 18 14 11 17 16 12 19 13 17 16 14 20 13 15 16 15 14 11 12 10 12 20 18 15 10 11 18 16 12 18 17 12 14 10 16 12 12 13 15 10 19 18 16 13 17 18 17 20 15 16 20 17 19 15 16 20 13 14 18 15 20 12 10 18 16 14 13 17 18 18 11 18 14 13 12 13 17 15 13 17 16 16 15 13 18 11 14 18 19 11 15 14 20 10 18 15 17 16 20 17 15 19 10 14 19 14 12 15 10 13 11 14 17 11 13 19 18 20 11 12 18 13 19 13 18 15 14 18 18 20 17 11 19 18 10 11 15 20 11 16 15 15 15 16 10 10 20 20 19 11 17 11 19 14 19 17 14 12 11 14 17 11 11 17 12 18 11 17 12 10 15 18 18 12 11 16 17 12 13 14 10 12 17 19 16 19 19 15 20 11 18 19 17 13 14 15 14 11 20 12 10 14 16 11 16 11 14 13 13 10 14 19 18 10 11 11 17 13 13 13 10 15 19 15 16 18 19 11 19 17 13 17 19 19 17 10 10 15 14 18 16 10 20 10 17 12 10 16 19 12 15 13 16 19 15 10 12 13 16 12 13 11 13 17 16 18 16 13 14 10 19 16 13 13 19 16 10 16 15 17 12 17 12 17
10 19 20 11 19 12 16 18 12 15 12 12 10 17 15 13 17 15 13 15 13 15 20 11 11 11 20 15 12 16 17 15 17 17 17 11 14 18 19 18 12 11 17 15 10 16 20 12 17 16 19 14 17 17 19 12 17 20 15 17 10 18 16 11 14 17 20 18 14 17 20 12 14 11 14 19 19 13 19 15 13 15 18 14 11 15 20 13 13 13 16 17 17 10 13 14 15 13 10 19 15 16 11 20 10 18 18 13 11 17 20 20 16 11 10 13 13 13 16 17 16 10 16 12 20 14 16 12 11 15 10 14 18 16 13 14 16 17 14 12 18 20 10 10 11 18 13 10 15 15 12 14 12 12 13 19 16 15 12 18 18 16 11 16 14 16 14 13 17 13 11 19 14 11 14 14 13 16 11 16 13 18 19 16 13 18 18 17 13 13 15 19 17 18 19 17 10 19 20 10 10 17 13 11 17 17 16 19 14 12 10 17 19 11 14 19 16 12 13 17 12 15 17 16 18 12 19 18 17 18 18 20 20 15 18 14 19 20 11 14 20 19 10 20 12 16 18 10 11 18 20 16 12 16 11 20 12 20 11 11 12 14 10 20 19 14 19 14 11 11 10 15 12 11 16 13 20 17 16 12 19 15 17 12 18 10 12 20 20 14 12 17 17 11 14 12 14 10 18 13 20 14 18 14 20 11 17 19 18 14 19 12 13 18 20 20 20 20 18 19 15 11 10 10 12 11 17 12 19 13 17 15 17 15 18 16 14 17 13 20 16 20 15 16 13 17 16 13 14 17 19 11 14 18 15 12 16 17 15 11 11 12 10 18 20 15 19 17 16 20 18 11 12 12 15 16 11 14 18 15 19 13 17 20 12 17 19 16 13 12 16 12 11 20 14 13 12 12 10 14 20 14 10 11 14 17 16 11 16 19 10 17 14 17 18 14 16 14 20 19 18 11 19 14 15 12 11 20 10 10 10 16 17 15 16 16 11 13 14 10 15 14 13 17 13 12 18 10 11 13 14 17 11 13 18 15 16 19 14 13 13 14 12 15 20 13 18 11 16 16 20 15 18 12 19 14 13 20 13 17 18 12 20 15 16 11 16 11 18 13 12 16 16 18 11 13 18 16 11 10
15 14 12 17 20 20 18 12 13 17 15 20 17 14 20 15 15 13 16 15 13 16 17 19 17 10 16 20 11 12 12 19 15 12 18 16 20 11 14 13 18 14 13 18 11 19 17 18 12 16 11 19 19 14 17 18 12 17 17 17 19 15 12 13 15 11 17 16 15 20 17 11 18 20 16 17 13 17 14 12 16 15 17 16 11 17 11 12 18 16 20 20 11 16 20 13 16 17 18 13 15 20 14 14 14 10 13 15 17 15 13 17 15 20 17 12 10 10 13 15 12 19 10 16 19 17 11 19 13 14 18 12 10 13 14 13 15 13 17 14 17 18 13 20 12 10 11 18 12 15 10 13 17 17 16 19 17 10 17 15 16 17 13 13 14 16 16 20 18 15 14 17 14 11 16 17 20 11 12 18 20 17 11 14 18 19 15 15 17 20 11 17 18 13 20 10 15 13 20 17 19 10 16 13 14 17 11 11 18 19 18 14 13 14 19 20 15 19 20 20 19 19 14 15 16 19 13 14 14 10 19 12 14 10 14 18 17 14 10 20 14 18 15 18 10 14 18 13 20 11 10 14 13 18 17 10 17 13 13 15 13 14 11 11 20 18 10 20 13 11 19 17 17 16 19 12 15 15 11 19 12 17 14 10 13 15 15 18 13 17 11 18 20 15 15 15 12 10 19 12 15 18 14 16 10 19 12 11 13 15 12 12 10 19 14 17 16 15 18 11 19 14 13 11 18 15 12 13 14 20 15 16 11 12 19 20 17 17 10 20 15 14 10 13 12 20 17 17 18 18 17 20 14 18 11 11 13 20 16 10 17 17 15 16 20 12 14 20 19 12 20 19 19 11 13 11 13 11 10 10 17 11 13 15 12 20 13 11 15 20 20 20 12 17 17 16 13 17 19 16 12 18 18 15 18 12 11 19 20 16 15 17 16 16 12 11 16 20 18 11 20 11 20 19 20 19 11 14 10 18 19 19 18 14 14 18 12 14 12 20 11 10 11 19 14 19 19 20 17 18 16 15 11 20 16 15 14 14 14 16 13 13 19 16 17 18 17 17 16 13 20 10 13 20 16 16 14 17 12 17 20 12 12 17 10 20 14 16 15 12 11 17 14 12 16 10 15 20 15 17
17 20 17 19 18 16 15 18 15 18 19 19 20 11 19 14 11 13 15 15 20 18 12 17 18 14 10 16 15 12 10 17 12 11 12 18 10 19 20 19 17 10 14 14 19 18 13 11 11 12 13 11 17 15 18 14 20 16 14 13 11 13 16 14 13 17 11 12 16 20 17 19 20 12 16 17 19 17 16 16 17 15 19 16 19 16 20 18 15 19 19 11 14 13 10 11 14 10 14 10 14 20 12 20 10 18 17 15 20 19 16 12 11 15 10 19 12 16 11 20 18 16 10 17 13 11 12 13 13 12 14 15 13 11 14 17 17 13 16 16 15 15 12 15 14 10 16 10 20 15 17 15 16 16 13 16 14 20 18 16 10 15 11 15 12 12 10 18 15 12 11 13 12 18 10 14 12 11 14 14 17 15 19 11 15 13 12 12 14 13 18 13 17 17 18 19 10 13 19 13 18 12 14 17 19 10 15 10 16 18 15 13 10 13 16 10 10 13 20 18 20 14 11 18 17 14 13 18 11 18 12 17 11 13 15 18 20 15 18 19 19 19 14 14 17 12 10 17 15 19 10 11 17 13 15 19 13 13 11 11 11 19 11 12 10 12 12 20 18 17 14 12 16 20 14 16 14 15 18 13 15 10 11 18 10 13 15 14 14 19 10 12 19 12 11 20 14 16 15 20 13 15 16 12 12 10 14 19 14 20 18 20 15 16 10 19 15 19 13 10 15 10 18 17 11 10 12 14 17 12 17 10 15 13 17 15 16 20 11 17 17 15 10 19 17 20 12 18 16 20 12 10 18 20 16 20 13 16 12 15 11 18 17 17 15 13 20 14 19 16 15 16 18 19 13 10 16 16 12 19 10 11 10 17 11 18 10 14 12 20 16 18 12 11 13 12 19 19 16 13 16 18 12 15 20 10 12 20 13 10 17 19 15 16 17 14 16 13 10 17 10 11 12 17 13 20 12 18 19 11 11 12 19 13 17 15 11 18 11 20 12 12 13 18 15 17 15 10 10 11 16 11 12 17 20 12 17 17 18 16 14 20 11 19 15 11 12 18 19 12 18 15 17 13 17 17 19 18 16 18 16 20 10 16 14 14 10 20 16 13 13 16 14 11 10 17 15 11 15 16
19 17 19 12 10 13 12 14 14 14 13 18 16 12 20 20 17 10 16 16 17 18 11 19 10 14 10 20 19 12 13 18 11 18 19 11 13 11 13 16 11 14 19 11 18 20 19 12 12 20 16 14 14 17 14 20 16 14 16 15 16 20 13 11 19 15 17 20 10 13 15 11 13 18 18 15 17 11 19 11 12 16 16 11 15 15 17 19 12 11 14 20 13 20 19 20 12 20 15 20 17 16 10 19 17 15 16 20 10 11 17 11 10 15 14 10 17 14 20 13 10 11 20 20 20 14 13 10 13 10 10 10 20 19 10 11 14 14 18 11 14 18 13 17 17 16 17 18 13 17 12 17 19 15 15 13 13 19 12 10 16 19 20 10 15 11 20 17 10 20 20 19 20 16 18 20 12 14 17 12 16 16 15 17 16 11 12 12 11 10 11 20 11 18 18 18 20 20 11 17 19 10 11 20 16 13 19 11 14 13 13 15 20 12 16 15 17 18 16 16 18 13 19 20 20 16 19 12 18 13 10 18 19 16 10 16 16 20 13 10 13 19 18 13 12 12 18 13 16 19 19 20 11 11 20 20 12 10 13 15 11 18 17 16 12 19 10 13 18 14 17 11 13 10 16 18 17 10 12 11 18 14 17 14 13 17 15 13 13 17 15 10 17 20 12 14 19 12 20 16 15 10 13 13 19 20 17 12 20 14 15 19 11 19 14 20 16 19 15 11 18 19 19 17 12 15 13 13 18 17 17 17 12 18 18 19 19 14 14 12 19 20 10 19 13 20 16 15 14 13 19 18 13 13 12 16 10 11 18 12 19 12 11 12 15 10 16 16 19 11 17 16 12 11 16 11 16 15 10 18 12 17 12 20 17 18 20 18 15 20 18 16 11 11 11 14 18 20 17 14 12 16 17 20 14 10 19 20 20 12 14 19 19 14 17 11 10 19 15 19 14 16 11 11 19 10 17 19 20 11 20 10 17 14 15 12 17 10 14 18 16 14 10 14 13 14 10 10 18 15 20 16 12 20 19 12 18 14 10 16 11 15 11 12 19 19 12 16 13 16 15 19 11 14 14 10 20 16 18 20 15 18 17 17 16 17 14 15 12 12 11 19 18 10 17 15 20 15 17 15
16 12 15 18 20 12 13 17 19 16 20 14 12 19 14 12 13 17 20 17 16 17 10 19 20 17 15 20 18 11 14 13 12 17 11 13 16 13 19 12 15 14 18 20 10 13 11 14 10 16 12 18 11 19 14 12 12 17 20 10 11 12 20 15 17 12 19 15 10 12 10 18 10 16 12 18 10 16 12 14 17 13 12 19 17 18 18 19 13 18 11 14 15 17 18 13 17 20 10 17 18 10 15 15 15 13 17 17 11 19 12 14 14 17 17 11 20 14 15 15 12 15 16 19 12 10 10 20 15 14 20 14 17 12 13 12 18 20 16 17 10 20 10 14 17 12 10 18 12 15 16 12 14 20 10 20 18 15 16 19 19 19 10 11 11 11 15 19 11 12 15 19 11 19 18 16 13 12 16 15 13 18 18 11 14 10 14 18 14 15 16 15 17 20 20 10 18 15 16 18 18 17 19 12 11 14 17 15 10 15 19 19 10 10 18 15 12 17 19 17 11 16 13 11 12 12 10 11 12 10 17 13 11 13 16 15 15 13 17 11 13 19 17 11 17 16 10 16 15 17 16 19 19 15 13 10 18 11 12 13 18 19 12 18 15 15 16 15 10 11 20 13 12 11 16 17 13 18 12 15 13 18 10 17 14 15 10 20 13 13 10 13 20 20 13 14 19 17 16 14 18 16 17 13 17 15 15 17 10 11 16 17 18 16 12 20 18 15 11 12 17 10 14 14 18 14 14 20 15 12 12 19 18 17 15 13 16 17 11 14 14 17 20 15 20 17 12 11 18 12 10 20 15 16 12 18 18 11 10 13 14 18 10 12 20 11 12 10 13 17 17 14 12 10 18 16 17 19 20 15 15 20 18 19 13 17 15 12 17 12 17 11 19 12 18 14 11 12 10 18 12 17 11 12 13 18 10 11 11 12 17 19 19 13 16 17 19 15 13 15 17 15 16 16 13 14 14 19 14 18 10 16 15 15 13 13 20 16 14 17 14 13 14 19 18 16 18 20 10 15 20 18 10 13 13 18 17 18 14 18 20 10 14 11 13 18 12 15 11 14 18 14 15 13 11 14 19 12 19 11 16 20 14 15 11 13 19 16 10 18 14 20 20 12 20 10 17 13 14 10
10 167
